Senario D

With nonnegative constraint, leave-one-out:

Ensemble:

Mean of ate: 20.100808568641067
Standard deviation of ate: 1.0716543336316022
Sum of average treatment effect: 361.8145542355392

Bias^2: [0.01479916 0.01886847 0.00321142 0.0249944  0.05322682 0.00016916
 0.00127121 0.05038662 0.00277348 0.00746969 0.00051623 0.04971344
 0.00004743 0.04550351 0.01380427 0.00417594 0.00837492 0.02154605]

Variance: [1.72195673 0.97075671 1.2036715  1.25118096 0.72535215 1.28051697
 1.26243947 1.17322829 1.11613567 1.16685247 0.9927317  0.82010321
 1.13154823 1.34437394 1.01147829 1.07146962 1.30108884 1.30698068]

MSE: [1.73675589 0.98962518 1.20688292 1.27617536 0.77857898 1.28068614
 1.26371069 1.22361491 1.11890914 1.17432215 0.99324793 0.86981665
 1.13159566 1.38987745 1.02528256 1.07564555 1.30946376 1.32852673] (mean 1.17626209199473)


SC:

Mean of ate: 20.04974344428231
Standard deviation of ate: 1.179331654588277
Sum of average treatment effect: 360.8953819970816

Bias^2: [0.01368633 0.00735273 0.00658223 0.03827212 0.0363343  0.00026066
 0.00858612 0.00771364 0.004901   0.00000967 0.01487705 0.0242532
 0.00534721 0.01650645 0.01814449 0.01515725 0.00186452 0.00494166]

Variance: [1.90467569 1.30147163 1.44531969 1.37756878 0.82531265 1.37443905
 1.5042102  1.47796616 1.34225114 1.32958728 1.28630321 0.95269786
 1.55678758 1.68078814 1.3559607  1.29227599 1.61733379 1.61068336]

MSE: [1.91836202 1.30882436 1.45190192 1.41584089 0.86164696 1.3746997
 1.51279632 1.4856798  1.34715214 1.32959695 1.30118026 0.97695106
 1.5621348  1.69729458 1.37410519 1.30743323 1.61919831 1.61562502] (mean 1.41446797239645)


MC:

Mean of ate: 20.064305500530324
Standard deviation of ate: 1.3872472385966874
Sum of average treatment effect: 361.1574990095458

Bias^2: [0.00109798 0.02495779 0.0075525  0.01798805 0.05247603 0.00849668
 0.00166809 0.09819942 0.00684647 0.00368863 0.00269369 0.02304525
 0.00011537 0.05380209 0.00034581 0.02148849 0.00258784 0.03554842]

Variance: [2.28112658 1.38671765 2.08996704 2.08428942 1.2368174  1.99949498
 1.94991105 1.9203056  2.1775847  1.89112456 1.91733847 1.47579862
 1.42382836 2.16409359 2.24322193 2.39933809 2.35974467 1.92459412]

MSE: [2.28222456 1.41167545 2.09751954 2.10227747 1.28929343 2.00799166
 1.95157914 2.01850502 2.18443117 1.89481319 1.92003216 1.49884388
 1.42394373 2.21789568 2.24356774 2.42082658 2.3623325  1.96014254] (mean 1.9604386356617702)


Lasso:

Mean of ate: 21.237067995670944
Standard deviation of ate: 2.1414351602572066
Sum of average treatment effect: 382.267223922077

Bias^2: [0.30580925 0.47641316 0.41366654 0.57020711 1.0853796  0.85286011
 0.94403974 1.82798759 1.46822178 1.85294143 1.20240282 2.85547416
 1.66929707 2.97774895 2.58467581 2.6794398  3.27553799 3.63050347]

Variance: [2.7855663  2.40513118 3.00434732 3.16770853 2.18951659 3.2010804
 3.84036895 3.32105515 4.94897155 4.98715801 3.93049996 5.4787751
 5.57659067 6.4225675  6.85681094 7.01705415 8.51212691 8.41037026]

MSE: [ 3.09137556  2.88154435  3.41801387  3.73791564  3.27489619  4.05394051
  4.78440869  5.14904274  6.41719334  6.84009944  5.13290278  8.33424926
  7.24588774  9.40031645  9.44148675  9.69649396 11.7876649  12.04087372] (mean 6.484905881905274)


MDD:

Mean of ate: 20.829536077616574
Standard deviation of ate: 2.3677384165662514
Sum of average treatment effect: 374.93164939709834

Bias^2: [0.16425494 0.31226414 0.10576579 0.43470073 0.7756776  0.27703495
 0.25476513 0.96622041 0.69935135 0.79225353 0.67693987 0.94619534
 0.83044898 1.41769619 1.11514835 0.82017319 1.3298071  1.82150011]

Variance: [ 3.28736052  3.18293389  3.5704147   4.40933671  2.67379597  4.42677584
  4.15075333  4.37092379  4.22076011  5.72622667  4.43163949  6.29071118
  6.15847688  8.03614173  8.94215021  9.56122566 11.488393   10.99914463]

MSE: [ 3.45161546  3.49519803  3.67618049  4.84403744  3.44947357  4.70381079
  4.40551846  5.3371442   4.92011147  6.5184802   5.10857936  7.23690652
  6.98892585  9.45383792 10.05729856 10.38139885 12.8182001  12.82064474] (mean 6.648186777925108)


