Senario D

With nonnegative constraint, leave-one-out:

Ensemble:

Mean of ate: 20.12193369797234
Standard deviation of ate: 1.038656244195293
Sum of average treatment effect: 301.8290054695851

Bias^2: [0.03679364 0.04883336 0.00007529 0.00734961 0.05397684 0.00562096
 0.00576651 0.00001449 0.0523861  0.00007381 0.06232137 0.02703725
 0.00070655 0.0103174  0.04658178]

Variance: [1.19213486 0.73462612 1.20782096 1.09345535 1.03082055 1.22936629
 1.01692468 1.09535808 0.82989201 1.02248226 1.35041555 1.0183183
 1.03507579 1.13979545 1.2741065 ]

MSE: [1.2289285  0.78345948 1.20789625 1.10080496 1.08479739 1.23498724
 1.02269119 1.09537256 0.88227812 1.02255608 1.41273692 1.04535555
 1.03578233 1.15011285 1.32068828] (mean 1.1085631793875803)


SC:

Mean of ate: 20.021845029506583
Standard deviation of ate: 1.1595030115761473
Sum of average treatment effect: 300.3276754425987

Bias^2: [0.03122623 0.02947841 0.00122975 0.00543732 0.00474786 0.00790849
 0.00025003 0.01985105 0.01871742 0.00847267 0.01200228 0.01340482
 0.02017443 0.00385672 0.00263935]

Variance: [1.33989912 0.84179537 1.35586712 1.48222522 1.41071154 1.37360117
 1.31139946 1.29477968 0.95767809 1.52620278 1.69622865 1.33871838
 1.26048965 1.55939411 1.55734645]

MSE: [1.37112535 0.87127378 1.35709688 1.48766254 1.41545941 1.38150966
 1.31164949 1.31463073 0.97639552 1.53467546 1.70823093 1.35212321
 1.28066408 1.56325083 1.5599858 ] (mean 1.3657155778225483)


MC:

Mean of ate: 20.07239730991891
Standard deviation of ate: 1.3749849745460514
Sum of average treatment effect: 301.0859596487836

Bias^2: [0.01753906 0.05167974 0.00893619 0.00162248 0.09566119 0.00652673
 0.00338173 0.00287697 0.02344196 0.00018673 0.05218169 0.00021631
 0.02210689 0.00227815 0.03414355]

Variance: [2.06740185 1.24420873 1.95450309 1.90102694 1.82466604 2.16059708
 1.8989584  1.90384614 1.48253136 1.36464818 2.18783279 2.16714493
 2.32317159 2.26916423 1.81858789]

MSE: [2.08494091 1.29588847 1.96343928 1.90264943 1.92032723 2.1671238
 1.90234013 1.90672311 1.50597333 1.36483491 2.24001449 2.16736124
 2.34527848 2.27144237 1.85273144] (mean 1.926071240959558)


Lasso:

Mean of ate: 20.751867768081972
Standard deviation of ate: 1.8396207068459893
Sum of average treatment effect: 311.2780165212296

Bias^2: [0.18556628 0.34704666 0.21599593 0.29504898 0.64163656 0.55390416
 0.50507839 0.31837726 0.83854346 0.34168148 1.01128439 0.80291398
 0.60403022 1.21416001 1.32013421]

Variance: [3.00947824 2.04211119 2.25091206 2.43065544 2.35128758 3.46419891
 3.31966643 2.93426834 3.17395465 3.64775997 4.88512448 4.11123936
 4.32096025 4.74930027 5.08162686]

MSE: [3.19504453 2.38915785 2.46690799 2.72570442 2.99292414 4.01810307
 3.82474482 3.2526456  4.01249811 3.98944145 5.89640888 4.91415334
 4.92499047 5.96346027 6.40176107] (mean 4.0645297327436305)


MDD:

Mean of ate: 20.684617437996923
Standard deviation of ate: 1.8235608248542965
Sum of average treatment effect: 310.26926156995387

Bias^2: [0.22407187 0.3652311  0.10467335 0.19386493 0.72933792 0.39202733
 0.46483733 0.30238746 0.61813786 0.34115653 0.84948557 0.50944549
 0.38946066 0.96227491 1.22134244]

Variance: [2.97937429 1.97628251 2.57352703 2.82993664 2.42295467 3.06828087
 3.19064692 3.10017649 3.12063833 2.48841006 4.51607182 4.24404553
 4.90758866 5.0095198  4.39797661]

MSE: [3.20344616 2.3415136  2.67820038 3.02380157 3.15229259 3.46030819
 3.65548425 3.40256395 3.73877618 2.82956659 5.36555739 4.75349102
 5.29704932 5.97179471 5.61931905] (mean 3.899544331750225)


