Senario D

With nonnegative constraint, leave-one-out:

Ensemble:

Mean of ate: 20.02795117541296
Standard deviation of ate: 1.1446418129061513
Sum of average treatment effect: 520.7267305607369

Bias^2: [0.05094239 0.00026061 0.00262028 0.00104241 0.00276747 0.00306951
 0.01140225 0.03101182 0.00618744 0.01006185 0.00035478 0.01937897
 0.05118288 0.00025432 0.00785827 0.02736648 0.00068232 0.0115576
 0.01031812 0.02712124 0.00005007 0.04364147 0.01839645 0.00088349
 0.0028122  0.01157429]

Variance: [1.18872725 1.10942553 1.67293823 1.42447035 1.14692109 1.63634846
 1.176373   1.69890671 1.79802989 1.16956379 1.47973993 1.44020691
 0.92007658 1.31542884 1.25359676 1.41970986 1.32685008 1.31732941
 1.09836301 0.91405401 1.20995718 1.4876487  1.20643652 1.10866741
 1.30392421 1.48646687]

MSE: [1.23966964 1.10968613 1.6755585  1.42551276 1.14968856 1.63941797
 1.18777525 1.72991852 1.80421732 1.17962563 1.48009471 1.45958588
 0.97125947 1.31568316 1.26145504 1.44707634 1.3275324  1.32888702
 1.10868112 0.94117525 1.21000726 1.53129017 1.22483297 1.1095509
 1.30673641 1.49804116] (mean 1.3331907524827524)


SC:

Mean of ate: 19.944119848478483
Standard deviation of ate: 1.3067263444639834
Sum of average treatment effect: 518.5471160604405

Bias^2: [0.07832001 0.00243747 0.00249501 0.00090507 0.00393844 0.02107833
 0.01407591 0.04139236 0.00149853 0.00005581 0.00000815 0.01377233
 0.01262016 0.00891545 0.00020687 0.00009121 0.02198801 0.00564997
 0.04009923 0.00599992 0.02292208 0.00252031 0.00318408 0.04055836
 0.01475125 0.00006362]

Variance: [1.54924645 1.56941813 2.1259627  1.68097808 1.64208672 1.85534127
 1.29584038 2.14458574 2.11631694 1.62725817 1.91201047 1.84699519
 1.16204621 1.70669127 1.49153194 1.86950042 1.48573225 1.76873889
 1.73338458 1.40088406 1.80596988 1.99277207 1.83028294 1.44675276
 1.77467324 1.79278105]

MSE: [1.62756646 1.5718556  2.1284577  1.68188316 1.64602516 1.8764196
 1.30991629 2.1859781  2.11781546 1.62731398 1.91201862 1.86076752
 1.17466637 1.71560671 1.49173882 1.86959163 1.50772026 1.77438886
 1.77348381 1.40688398 1.82889196 1.99529238 1.83346702 1.48731112
 1.78942448 1.79284468] (mean 1.7302819127990392)


MC:

Mean of ate: 19.980521892141546
Standard deviation of ate: 1.5021641295280665
Sum of average treatment effect: 519.4935691956802

Bias^2: [0.00334053 0.02024382 0.00148135 0.0156865  0.02385714 0.00000295
 0.03540431 0.05964878 0.00788617 0.01032659 0.02004472 0.00632843
 0.03120293 0.02183139 0.00970761 0.06719602 0.00076112 0.00003331
 0.01127315 0.00884414 0.00436918 0.03161776 0.00135383 0.04372832
 0.00001804 0.01816938]

Variance: [1.75297482 1.9637068  2.76285229 2.17771052 2.13005185 3.35049945
 2.35553474 2.42491285 2.35271659 1.69840517 2.42397981 2.53375406
 1.67169249 2.32032083 2.0724639  2.45195163 2.44322695 2.12930725
 2.51344134 1.7375912  1.76325422 2.43874041 2.34840587 2.58418375
 2.45012075 2.19943937]

MSE: [1.75631535 1.98395062 2.76433364 2.19339702 2.153909   3.35050239
 2.39093905 2.48456163 2.36060276 1.70873176 2.44402453 2.54008249
 1.70289542 2.34215222 2.08217151 2.51914766 2.44398807 2.12934055
 2.52471449 1.74643534 1.76762339 2.47035817 2.34975971 2.62791207
 2.45013878 2.21760875] (mean 2.2886767841622886)


Lasso:

Mean of ate: 23.093914049945177
Standard deviation of ate: 2.17534779331985
Sum of average treatment effect: 600.4417652985746

Bias^2: [ 0.24126284  0.75065351  0.6900244   0.91190239  1.46706269  2.27117728
  2.73175141  3.0107431   4.48595328  6.49693111  6.00534919  8.00395724
 10.24979717  9.95444839 10.53003271 15.07863204 14.6662467  16.88001798
 17.04291246 20.66969538 20.90045738 25.3203618  25.81591397 26.71858622
 29.82801226 34.02440541]

Variance: [ 1.8896715   2.58020121  2.93932858  3.14858144  2.26521784  3.54609702
  2.83678762  3.42342465  3.73068749  2.4496233   3.45468941  4.16283086
  4.08025459  4.49402291  4.44193926  5.26591499  4.81369168  6.49405456
  6.3005028   6.29819867  6.28363804  8.98618382  7.76839658  8.91689336
  8.87993305 10.29763041]

MSE: [ 2.13093434  3.33085472  3.62935298  4.06048383  3.73228053  5.8172743
  5.56853903  6.43416775  8.21664077  8.9465544   9.4600386  12.1667881
 14.33005177 14.44847131 14.97197197 20.34454703 19.47993839 23.37407254
 23.34341526 26.96789405 27.18409542 34.30654562 33.58431056 35.63547957
 38.70794531 44.32203582] (mean 17.095949383031567)


MDD:

Mean of ate: 20.66503538993133
Standard deviation of ate: 7.743003050591548
Sum of average treatment effect: 537.2909201382146

Bias^2: [0.01277358 0.05598811 0.07664829 0.00489378 0.01753751 0.04228607
 0.02799018 0.05955825 0.24182462 0.29439252 0.11667662 0.2741949
 0.96813164 0.59135458 0.47036998 1.01895081 0.33989283 1.23864017
 0.58675584 0.92417984 1.35314604 2.13048354 1.55923298 0.94085167
 1.45242937 1.57090964]

Variance: [  3.96691284   6.0345064    9.8397467    9.14668421  14.98981236
  20.3180619   23.93442696  28.04064483  33.99865229  30.73706071
  38.36747849  50.35586159  52.36820273  62.24700246  65.47169238
  70.12300682  86.24532049  99.20954876 103.92233891 115.77523588
 131.66115763 151.07111428 141.27434481 179.66784397 175.08148455
 179.46072793]

MSE: [  3.97968642   6.09049451   9.91639499   9.15157799  15.00734987
  20.36034796  23.96241714  28.10020308  34.24047691  31.03145324
  38.48415511  50.63005649  53.33633436  62.83835704  65.94206236
  71.14195763  86.58521331 100.44818893 104.50909474 116.69941572
 133.01430367 153.20159781 142.83357779 180.60869564 176.53391392
 181.03163757] (mean 73.06457554579083)


