Senario D

With nonnegative constraint, leave-one-out:

Ensemble:

Mean of ate: 20.04546664826055
Standard deviation of ate: 1.0805375897063039
Sum of average treatment effect: 441.0002662617321

Bias^2: [0.00356608 0.00382649 0.01249471 0.02631937 0.01090929 0.01126496
 0.00073132 0.02104703 0.04413233 0.0006036  0.01514109 0.02666957
 0.00004743 0.00592513 0.01005743 0.04139262 0.00020005 0.02926271
 0.02070401 0.00562918 0.00090266 0.01259042]

Variance: [1.03736553 1.37022224 1.11401266 1.50784916 1.60945758 0.962258
 1.2401558  1.23364507 0.78401126 1.23451247 1.14595573 1.09587093
 1.21314528 1.13557854 1.07714008 0.91607265 1.04906248 1.37951207
 1.18276429 1.0109183  1.32176247 1.22787201]

MSE: [1.04093161 1.37404873 1.12650737 1.53416853 1.62036687 0.97352296
 1.24088712 1.2546921  0.82814358 1.23511608 1.16109681 1.1225405
 1.21319271 1.14150367 1.08719751 0.95746527 1.04926253 1.40877477
 1.2034683  1.01654747 1.32266513 1.24046243] (mean 1.1887528213468548)


SC:

Mean of ate: 20.003722798928308
Standard deviation of ate: 1.202709591147353
Sum of average treatment effect: 440.0819015764228

Bias^2: [0.00013447 0.00884018 0.00455376 0.02319234 0.00807698 0.00343767
 0.00291757 0.02839768 0.02673208 0.00187152 0.00429599 0.00368583
 0.00943296 0.00057628 0.02222716 0.01654269 0.01004815 0.0102742
 0.01157475 0.02256926 0.00494145 0.00186467]

Variance: [1.34657118 1.61719897 1.08399477 1.87459225 1.92350405 1.36109032
 1.48395621 1.41802166 0.9100599  1.41346888 1.40543475 1.58101465
 1.48843188 1.40089703 1.4192567  1.02918194 1.56082914 1.68628529
 1.44796883 1.34560868 1.66398031 1.58329974]

MSE: [1.34670565 1.62603915 1.08854853 1.89778459 1.93158103 1.36452799
 1.48687379 1.44641934 0.93679198 1.41534041 1.40973073 1.58470048
 1.49786484 1.40147331 1.44148386 1.04572463 1.57087729 1.69655949
 1.45954358 1.36817793 1.66892176 1.58516441] (mean 1.4668561256579986)


MC:

Mean of ate: 19.991582855306024
Standard deviation of ate: 1.4250953568276625
Sum of average treatment effect: 439.81482281673254

Bias^2: [0.01938443 0.00018986 0.03213051 0.05447405 0.0064632  0.0127538
 0.0169837  0.00819695 0.03489447 0.01888539 0.00714121 0.07257643
 0.00134917 0.00023107 0.00927397 0.01147259 0.00291939 0.03505786
 0.0005618  0.03760074 0.00002251 0.02039581]

Variance: [2.01921814 3.12776274 2.14382727 2.287924   2.13883619 1.39759882
 2.1497259  2.10336082 1.37280793 2.06234001 1.9810408  1.96946741
 2.41975033 1.82760458 2.06270294 1.4999645  1.40685446 2.14694166
 2.29526458 2.41805857 2.368061   1.89717747]

MSE: [2.03860257 3.1279526  2.17595778 2.34239805 2.14529939 1.41035262
 2.1667096  2.11155776 1.4077024  2.0812254  1.98818202 2.04204384
 2.4210995  1.82783565 2.07197691 1.51143709 1.40977384 2.18199953
 2.29582638 2.45565931 2.36808351 1.91757328] (mean 2.0681476842650626)


Lasso:

Mean of ate: 22.08124457634149
Standard deviation of ate: 2.372943849251967
Sum of average treatment effect: 485.78738067951275

Bias^2: [ 0.24641863  0.82407642  0.61059216  0.54204268  1.31527817  1.90335611
  2.29339581  2.58262694  3.81483805  3.41434756  3.84820065  5.38182335
  5.26729837  5.97756719  5.75203083  7.68239193  7.52142075  9.91885123
  9.86092903  9.8408518  10.98995704 13.99365883]

Variance: [ 2.00462739  3.58497341  3.01345445  2.88441221  2.88988091  2.89763698
  3.63452277  4.90744717  3.88969291  4.57915228  4.86782059  5.67302276
  6.89489455  6.44806517  5.74760669  7.87698506  6.68651876  8.71391515
  9.58304969 10.52821241 12.37578836 12.05380543]

MSE: [ 2.25104602  4.40904983  3.62404661  3.42645489  4.20515908  4.80099309
  5.92791858  7.49007411  7.70453097  7.99349983  8.71602124 11.05484611
 12.16219292 12.42563236 11.49963752 15.55937699 14.20793951 18.63276638
 19.44397872 20.3690642  23.3657454  26.04746426] (mean 11.150792664502818)


MDD:

Mean of ate: 20.765394422033907
Standard deviation of ate: 2.9455822682419277
Sum of average treatment effect: 456.8386772847459

Bias^2: [0.00016063 0.05878121 0.01740052 0.02991382 0.13746466 0.36717454
 0.22992312 0.38529966 0.78141575 0.3404274  0.46825561 1.10486254
 0.78421059 0.93812063 0.52011609 1.37500615 1.02171968 1.59609493
 1.38387164 1.01776074 1.59847952 2.41063141]

Variance: [ 2.80592717  4.36481124  3.65418759  4.23294582  4.34379865  4.14948324
  5.33090338  5.90891058  5.48990983  8.07262859  7.70733067  8.2722682
  9.83355944  9.83083829 10.82478951 11.54324405 11.32948265 13.91285934
 18.47133769 17.83828571 19.03424838 19.65071853]

MSE: [ 2.8060878   4.42359244  3.67158812  4.26285964  4.48126331  4.51665778
  5.56082651  6.29421024  6.27132558  8.41305599  8.17558628  9.37713073
 10.61777003 10.76895892 11.34490561 12.9182502  12.35120233 15.50895427
 19.85520932 18.85604645 20.6327279  22.06134994] (mean 10.144070881278724)


